1321.09
1321.07
1321.14
1321.08
1321.11
1321.1
1321.11
1321.08
1321.06
1321.09
1321.07
1321.08
1321.08
1321.13
1321.08
1321.06
1321.13
1321.12
1321.12
1321.05
1321.11
1321.08
1321.1
1321.13
1321.06
1321.1
1321.07
1321.13
1321.13
1321.13
1321.08
1321.11
1321.12
1321.12
1321.07
1321.06
1321.11
1321.13
1321.11
1321.14
1321.08
1321.06
1321.11
1321.1
1321.13
1321.11
1321.09
1321.15
1321.07
1321.14
1321.04
1321.12
1321.05
1321.02
1321.11
1321.16
1321.16
1321.14
1321.1
1321.08
1321.09
1321.03
1321.09
1321.15
1321.08
1321.1
1321.15
1321.13
1321.09
1321.15
1321.1
1321.07
1321.11
1321.1
1321.09
1321.06
1321.08
1321.07
1321.1
1321.14
1321.13
1321.15
1321.08
1321.08
1321.15
1321.07
1321.1
1321.15
1321.12
1321.03
1321.12
1321.12
1321.14
1321.12
1321.14
1321.12
1321.14
1321.06
1321.05
1321.09
