1318
1317.96
1317.95
1317.97
1317.94
1317.98
1318
1317.9
1318.02
1317.92
1317.93
1318.03
1318.05
1318.01
1317.94
1318
1317.97
1317.95
1317.96
1317.93
1318.04
1317.95
1317.97
1317.94
1317.95
1318.04
1317.99
1317.93
1317.96
1318
1318.08
1317.95
1317.93
1317.97
1317.98
1317.99
1317.99
1317.97
1317.95
1317.97
1317.95
1318.02
1317.96
1317.96
1318.02
1317.97
1318.02
1317.99
1317.97
1317.98
1318.05
1318.02
1317.95
1317.91
1318.01
1317.95
1318.02
1318.02
1317.92
1318.02
1317.99
1317.94
1317.97
1317.94
1318.01
1318.03
1317.94
1318.02
1317.98
1318.04
1318.05
1317.97
1317.97
1318.03
1317.99
1317.97
1317.95
1318.06
1317.94
1317.97
1318.07
1318
1317.96
1317.98
1318.02
1318.02
1318.01
1317.97
1318.04
1317.9
1317.94
1318
1317.98
1317.96
1317.95
1317.96
1317.97
1318.02
1317.95
1317.99
