1315.17
1315.25
1315.2
1315.19
1315.14
1315.18
1315.18
1315.21
1315.11
1315.2
1315.19
1315.15
1315.19
1315.2
1315.19
1315.1
1315.17
1315.14
1315.15
1315.15
1315.13
1315.14
1315.15
1315.14
1315.19
1315.18
1315.17
1315.16
1315.16
1315.15
1315.11
1315.16
1315.15
1315.13
1315.11
1315.18
1315.14
1315.16
1315.17
1315.2
1315.24
1315.17
1315.19
1315.14
1315.14
1315.18
1315.18
1315.15
1315.13
1315.22
1315.17
1315.15
1315.11
1315.15
1315.14
1315.15
1315.16
1315.16
1315.15
1315.16
1315.13
1315.15
1315.14
1315.15
1315.17
1315.1
1315.13
1315.1
1315.16
1315.19
1315.13
1315.21
1315.12
1315.11
1315.19
1315.13
1315.19
1315.16
1315.19
1315.17
1315.18
1315.16
1315.12
1315.21
1315.18
1315.11
1315.11
1315.19
1315.15
1315.13
1315.16
1315.16
1315.2
1315.12
1315.17
1315.18
1315.16
1315.14
1315.22
1315.13
