1264.88
1264.82
1264.72
1264.6
1264.59
1264.72
1264.59
1264.7
1264.81
1264.56
1264.56
1264.72
1264.65
1264.67
1264.61
1264.64
1264.62
1264.55
1264.59
1264.56
1264.56
1264.57
1264.52
1264.56
1264.58
1264.57
1264.5
1264.55
1264.61
1264.56
1264.64
1264.62
1264.65
1256.69
1264.58
1264.7
1264.59
1264.61
1264.58
1264.65
1264.58
1264.61
1264.58
1264.58
1264.58
1264.58
1264.63
1264.52
1264.61
1264.61
1264.59
1264.58
1264.6
1264.56
1264.58
1264.6
1264.67
1264.57
1264.62
1264.61
1264.67
1264.57
1264.61
1264.57
1264.58
1264.65
1264.62
1264.62
1264.67
1264.62
1264.62
1264.63
1264.63
1264.56
1264.56
1264.59
1264.59
1264.56
1264.6
1264.59
1264.56
1264.53
1264.64
1264.67
1264.64
1264.62
1264.64
1264.62
1264.58
1264.64
1264.61
1264.62
1264.59
1264.6
1264.61
1264.62
1264.7
1264.61
1264.63
1264.67
