2809.57
2810.86
2810.35
2809.37
2811.42
2810.06
2808.89
2810.82
2811.06
2809.52
2811.78
2810.43
2808.97
2811.54
2809.82
2808.58
2810.61
2810.16
2809.6
2811.58
2810.09
2808.83
2811.19
2810.38
2808.92
2811.09
2810.36
2809.5
2810.86
2810.7
2809.07
2811.44
2810.26
2809.19
2810.97
2809.4
2808.47
2810.39
2810.21
2808.58
2810.1
2809.69
2809.03
2810.76
2810.2
2809.06
2810.67
2810.27
2808.77
2810.33
2809.16
2809.07
2810.78
2810.32
2808.67
2809.64
2809.64
2809.17
2811.27
2809.66
2808.46
2810.39
2809.29
2808.63
2811.07
2809.39
2808.64
2810.73
2809.21
2807.94
2810.52
2809.78
2808.97
2810.02
2809.07
2808.84
2810.92
2809.51
2807.86
2810.25
2809.07
2808.31
2810.73
2810.29
2808.13
2810.44
2809.94
2808.3
2810.6
2809.84
2808.64
2810.75
2809.37
2808.65
2811.15
2809.91
2808.42
2810.73
2809.68
2808.31
