2799.36
2798.87
2799.44
2799.56
2798.98
2798.76
2798.96
2799.54
2799.11
2799.22
2798.78
2798.69
2799.27
2798.77
2798.82
2798.68
2798.9
2799.17
2798.65
2798.74
2798.95
2799.42
2798.73
2799.06
2798.82
2797.82
2799.5
2799.01
2798.17
2798.8
2798.67
2798.61
2798.35
2799.65
2797.38
2798.64
2799.26
2799.11
2798.52
2798.54
2798.39
2798.48
2798.42
2798.01
2797.98
2798.03
2798.44
2798.94
2798.2
2797.99
2798.75
2798.24
2798.64
2798.73
2798.19
2798.55
2798.07
2798.39
2798.29
2798.42
2797.84
2797.41
2797.8
2797.65
2798.04
2798.43
2797.98
2797.5
2798.1
2797.7
2797.86
2797.92
2798.36
2797.84
2797.42
2798.16
2797.93
2798.35
2798.06
2798.51
2798.73
2798.1
2797.78
2798.42
2798.26
2798.32
2798.51
2798.38
2798.73
2798.82
2797.83
2798.14
2797.77
2798
2798.22
2798.53
2798.12
2797.89
2798.7
2798.55
