2813.23
2812.83
2811.48
2813.62
2812.77
2812.27
2813.91
2812.75
2811.69
2813.67
2812.57
2811.46
2813.12
2812.72
2811.39
2813.44
2812.83
2811.24
2813.42
2812.88
2811.76
2813.55
2813.19
2811.92
2813.83
2811.98
2811.61
2814.08
2812.27
2811.94
2814.12
2812.56
2811.07
2813.53
2812.07
2811.6
2813.67
2812.06
2811.61
2812.85
2812.26
2810.54
2813.41
2812.31
2811.36
2813.25
2811.78
2811.76
2813.26
2811.82
2811.25
2813.7
2812.43
2810.62
2812.94
2811.49
2811.5
2812.98
2812.12
2810.74
2812.82
2812.02
2811.06
2813.18
2811.86
2811.21
2812.72
2812.15
2811.32
2813.09
2812.28
2810.99
2813.13
2812.17
2811.05
2813.26
2811.94
2810.68
2813.37
2811.66
2811.25
2812.92
2811.77
2810.82
2812.82
2812.27
2810.62
2812.96
2812
2810.84
2812.64
2812.1
2810.34
2813.37
2811.64
2811.01
2813.24
2811.86
2811.15
2813.68
