2429.55
2429.37
2429.39
2428.95
2429.8
2429.02
2429.18
2429.33
2429.33
2428.8
2429.63
2428.85
2429.04
2429.23
2429.16
2428.8
2429.61
2428.81
2429
2429.21
2429.24
2428.6
2429.6
2428.81
2428.98
2429.19
2429.15
2428.72
2429.54
2428.81
2429
2429.14
2429.15
2428.74
2429.62
2428.79
2428.96
2429.24
2428.59
2429.62
2432.39
2429.57
2431.5
2430.5
2431.54
2429.64
2432.36
2429.6
2431.51
2430.47
2431.47
2429.63
2432.35
2429.62
2431.48
2430.5
2431.42
2429.68
2432.42
2429.58
2431.53
2430.43
2431.51
2429.6
2432.37
2429.54
2431.49
2430.44
2431.53
2429.66
2432.32
2429.62
2431.5
2430.49
2431.52
2429.62
2429.16
2426.71
2428.49
2427.34
2428.48
2428.71
2429.53
2428.76
2426.54
2426.21
2426.89
2426.53
2427.21
2426.68
2426.49
2427.19
2426.9
2426.54
2427.31
2426.69
2426.55
2427.12
2426.84
2426.5
