2500.56
2498.59
2502.07
2500.44
2498.69
2502.51
2502.87
2503.09
2504.3
2502.98
2503.42
2504.08
2502.58
2503.24
2503.72
2502.54
2503.15
2504.5
2503.13
2503.46
2504.21
2502.79
2503.23
2504.03
2502.63
2503.29
2504.06
2502.81
2502.92
2504.07
2502.39
2503.08
2504.07
2502.84
2502.72
2503.54
2502.02
2503.26
2503.74
2502.77
2503.08
2503.78
2497.61
2498.79
2500.61
2498.86
2498.73
2500.27
2499.03
2498.74
2500.51
2498.96
2498.72
2500.55
2498.77
2498.9
2500.76
2499.2
2498.57
2500.78
2498.93
2498.44
2500.44
2498.87
2498.45
2500.32
2499.03
2498.6
2500.4
2499.21
2498.54
2500.65
2498.88
2498.73
2500.75
2498.97
2498.31
2500.47
2497.79
2498.94
2500.79
2502.92
2502.7
2506.18
2506.64
2504.22
2507.63
2500.21
2496.09
2500.04
2497
2496.1
2499.94
2497.22
2496.01
2500.04
2496.81
2495.69
2499.79
2496.49
