2715.36
2708.11
2714.98
2708.73
2715.06
2706.96
2714.9
2707.75
2714.28
2708.2
2714.97
2706.78
2714.82
2707.57
2714.23
2707.97
2714.78
2706.74
2714.78
2707.54
2714.15
2707.99
2714.66
2706.72
2714.86
2707.5
2714.14
2707.91
2714.63
2706.64
2714.7
2707.43
2714.15
2708.02
2714.85
2706.66
2714.66
2707.4
2714.06
2707.94
2714.58
2706.55
2714.71
2707.52
2714.12
2707.91
2714.66
2706.6
2714.66
2707.43
2714.08
2708.07
2714.74
2706.63
2714.76
2707.55
2714.16
2708.02
2714.58
2706.68
2714.87
2707.69
2714.42
2708.17
2714.81
2706.9
2714.65
2707.66
2714.28
2708.03
2714.71
2706.75
2714.82
2707.62
2714.19
2708.14
2714.66
2706.77
2714.64
2707.58
2714.15
2708
2714.89
2706.88
2714.53
2707.64
2714.13
2708.06
2714.77
2706.85
2714.57
2707.52
2714.15
2708.09
2714.55
2706.77
2714.54
2707.5
2714
2707.98
