2703.47
2707.21
2704.24
2706.98
2703.21
2708.58
2703.61
2707.14
2704.69
2706.89
2703.2
2708.43
2703.39
2706.98
2704.7
2707.38
2703.12
2708.53
2703.49
2707.2
2704.47
2707.11
2703.38
2708.83
2703.52
2707.29
2707.98
2700.95
2707.13
2700.9
2707.76
2699.82
2707.84
2700.66
2707.39
2701.18
2707.97
2699.79
2707.91
2700.57
2707.47
2700.86
2707.83
2699.97
2708.19
2700.75
2707.78
2701.24
2707.83
2700.07
2707.99
2700.61
2707.74
2701.28
2707.66
2699.85
2707.82
2700.79
2707.64
2701.24
2707.72
2699.9
2707.93
2700.64
2707.43
2701.12
2707.74
2700.05
2707.89
2700.62
2707.39
2701.08
2707.77
2699.94
2707.9
2700.55
2707.34
2700.98
2707.75
2700.05
2707.84
2700.7
2707.44
2700.95
2707.71
2699.97
2707.8
2700.54
2707.47
2701.16
2707.73
2699.91
2707.77
2700.45
2707.53
2701.09
2707.78
2700.01
2707.96
2700.79
