1304.37
1304.2
1304.43
1304.16
1304.27
1304.44
1304.26
1304.31
1304.38
1304.33
1304.56
1304.43
1304.29
1304.57
1304.35
1304.27
1304.2
1304.22
1304.34
1304.22
1304.46
1304.33
1304.41
1304.23
1304.3
1304.24
1304.4
1304.63
1304.33
1304.19
1304.19
1304.27
1304.43
1304.4
1304.4
1304.61
1304.43
1304.31
1304.53
1304.48
1304.28
1304.39
1304.34
1304.28
1304.3
1304.46
1304.75
1304.47
1304.43
1304.49
1304.53
1304.42
1304.29
1304.29
1304.41
1304.53
1304.44
1304.38
1304.55
1304.45
1304.53
1304.56
1304.46
1304.48
1304.41
1304.47
1304.3
1304.49
1304.34
1304.27
1304.34
1304.13
1304.6
1304.54
1304.21
1304.42
1304.45
1304.36
1304.41
1304.4
1304.42
1304.43
1304.45
1304.42
1304.52
1304.56
1304.42
1304.53
1304.55
1304.28
1304.26
1304.41
1304.32
1304.36
1304.57
1304.44
1304.55
1304.42
1304.33
1304.57
