1303.16
1303.15
1303.08
1303.18
1303.15
1303.09
1303.19
1303.08
1303.13
1303.14
1303.23
1303.13
1303.18
1303.11
1303.14
1303.14
1303.08
1303.18
1303.11
1303.16
1303.18
1303.12
1303.17
1303.09
1303.14
1303.2
1303.12
1303.14
1303.18
1303.2
1303.15
1303.06
1303.13
1303.11
1303.13
1303.11
1303.12
1303.07
1303.21
1303.17
1303.21
1303.18
1303.1
1303.11
1303.1
1303.12
1303.12
1303.15
1303.16
1303.18
1303.14
1303.14
1303.14
1303.19
1303.16
1303.21
1303.19
1303.2
1303.18
1303.2
1303.19
1303.15
1303.15
1303.19
1303.09
1303.11
1303.11
1303.16
1303.12
1303.18
1303.22
1303.23
1303.18
1303.13
1303.14
1303.16
1303.14
1303.09
1303.17
1303.17
1303.11
1303.2
1303.19
1303.14
1303.18
1303.13
1303.15
1303.11
1303.09
1303.1
1303.15
1303.13
1303.11
1303.14
1303.15
1303.17
1294.48
1303.2
1303.14
1303.17
