1565.12
1565.05
1565.1
1565.11
1565.04
1565.08
1565.2
1565.22
1565.26
1565.16
1565.04
1565.12
1565.04
1565.11
1565.11
1565.17
1565.24
1565.11
1565.13
1565.13
1565.19
1565.22
1564.96
1565.09
1565.08
1565.08
1565.06
1565.08
1565.19
1565.14
1565.15
1565.16
1565.06
1565.05
1565.09
1565.07
1565.13
1565.09
1565.21
1565.11
1565.14
1565.23
1565.03
1565.17
1565.07
1565.01
1565.15
1565.16
1565.03
1565.17
1565
1565.07
1565.12
1565.16
1565.12
1565.08
1565.1
1565.09
1565.14
1565.14
1565.15
1565.21
1565.16
1564.99
1565.14
1565.07
1565.21
1565.18
1565.22
1565.09
1565.06
1565.1
1565.1
1564.99
1565.22
1565.05
1565
1565.09
1565.03
1565
1565.08
1565.22
1565.09
1565.17
1565.15
1565.07
1565.14
1565.19
1565.18
1564.99
1565.05
1565.19
1565.2
1565.09
1565.04
1565.15
1565.13
1565.25
1565.29
1565.09
