1923.17
1922.49
1924.75
1922.58
1921.8
1923.95
1922.22
1922.12
1924.16
1922.87
1922.26
1924.27
1922.52
1921.71
1924.22
1922.3
1921.69
1924.33
1922.61
1922.34
1924.18
1922.74
1922.52
1924.09
1922.3
1922.16
1924.8
1922.7
1922.07
1924.39
1922.86
1922.43
1924.22
1922.95
1922.51
1924.68
1922.46
1922.35
1924.44
1922.68
1922.4
1924.16
1922.7
1921.58
1924.12
1922.61
1922.48
1924.5
1922.69
1922.46
1924.38
1922.64
1922.23
1924.41
1922.68
1921.99
1923.92
1922.12
1921.79
1924.13
1922.04
1921.77
1923.74
1922.31
1921.79
1923.72
1922.09
1922.02
1923.76
1922.38
1921.72
1923.62
1921.97
1921.71
1923.68
1922.17
1921.69
1923.9
1921.96
1921.83
1924.08
1921.96
1921.72
1923.8
1922.14
1921.46
1923.77
1922.03
1921.62
1923.67
1922.11
1921.76
1923.85
1922.12
1921.61
1923.88
1922.12
1921.71
1923.8
1922.18
