2816.96
2817.8
2816.82
2816.73
2817.86
2817.46
2816.68
2817.46
2817.49
2817.12
2818.07
2817.18
2817.02
2818.28
2816.89
2817.34
2817.69
2817.47
2817.4
2817.64
2816.9
2816.12
2817.81
2817.22
2816.68
2817.31
2816.99
2816.89
2817.32
2815.64
2816.31
2818.65
2815.67
2816.14
2817.43
2816.68
2815.81
2818.14
2816.94
2816.95
2817.97
2816.3
2817
2818.41
2816.46
2817.1
2818.34
2816.51
2816.23
2817.63
2816.18
2816.39
2816.49
2816.12
2816.44
2817.47
2816.31
2816
2817.73
2816.17
2816.25
2817.35
2816.23
2816.58
2817.43
2816.16
2816.6
2817.28
2815.73
2816.24
2817.2
2816.66
2815.95
2817.36
2816.86
2816.36
2817.78
2816.37
2815.97
2817.61
2816.14
2816.59
2817.21
2816.1
2816.33
2817.7
2816.71
2816.7
2818.09
2816.23
2816.23
2817.49
2816.33
2815.81
2817.79
2817
2816.16
2817.37
2816.45
2816.56
