2705.46
2710.8
2705.58
2709.07
2706.88
2709.12
2705.18
2710.45
2705.18
2708.78
2706.77
2708.87
2705.01
2710.48
2705.28
2708.62
2706.86
2708.97
2704.82
2710.26
2705.07
2708.46
2706.62
2709.04
2704.86
2710.38
2705.19
2708.58
2706.75
2708.91
2704.96
2710.36
2705.26
2708.68
2706.76
2708.92
2704.97
2710.34
2705.16
2708.49
2706.76
2708.8
2704.93
2710.35
2705.12
2708.5
2706.81
2708.89
2704.97
2710.41
2705.15
2708.65
2706.7
2708.91
2704.93
2710.44
2705.16
2708.56
2706.74
2708.89
2704.89
2710.41
2705.14
2708.54
2706.76
2708.94
2704.94
2710.37
2705.14
2708.47
2706.78
2708.87
2704.78
2710.26
2705.13
2708.49
2706.64
2708.87
2704.77
2710.2
2705.07
2708.51
2706.82
2708.83
2704.88
2710.29
2705.11
2708.44
2706.64
2709.04
2705.05
2710.22
2705.19
2708.42
2706.74
2708.87
2704.89
2710.31
2705.14
2708.45
