2714.11
2715.41
2711.94
2716.82
2711.92
2714.56
2713.27
2714.76
2711.62
2716.28
2711.68
2714.62
2713.22
2714.71
2711.56
2716.16
2711.66
2714.57
2713.82
2715.5
2711.79
2716.43
2712.41
2714.76
2713.53
2715.33
2711.76
2716.36
2711.98
2715.15
2713.38
2714.93
2711.7
2716.44
2712.19
2714.64
2713.57
2715.25
2711.73
2716.53
2712.4
2714.59
2713.31
2714.92
2712.11
2716.32
2712.07
2715.1
2713.31
2714.9
2711.83
2716.7
2712.31
2714.63
2713.41
2715.35
2711.91
2716.08
2711.72
2714.8
2713.48
2715.05
2711.83
2716.53
2711.68
2714.71
2713.55
2714.89
2711.81
2716.62
2712.29
2714.65
2713.51
2715.26
2712.14
2716.18
2712.13
2715.04
2713.65
2715.36
2712.03
2716.6
2711.83
2715.08
2713.9
2715.36
2712.07
2716.67
2712.35
2715.05
2713.47
2714.88
2711.53
2716.79
2711.85
2715.02
2713.29
2715.11
2711.68
2716.61
