2706.38
2700.1
2706.79
2699
2706.48
2699.27
2705.98
2699.62
2706.34
2698.62
2706.41
2699.18
2706.19
2699.73
2706.32
2698.62
2706.49
2699.2
2706.13
2699.73
2706.39
2698.56
2706.36
2699.17
2706.09
2699.77
2706.43
2698.57
2706.47
2699.15
2706.02
2699.56
2706.42
2698.49
2706.6
2698.91
2705.79
2699.42
2706.21
2698.36
2706.17
2699.1
2705.8
2699.42
2706.15
2698.31
2706.15
2699
2705.81
2699.44
2706.24
2698.24
2706.22
2699.03
2705.81
2699.4
2706.21
2698.31
2706.28
2699.12
2705.72
2699.44
2706.13
2698.36
2706.33
2699.11
2705.98
2699.44
2706.52
2698.58
2706.38
2699.19
2705.9
2699.58
2706.31
2698.35
2706.28
2699.07
2705.77
2699.54
2706.14
2698.52
2706.37
2699.05
2706.16
2699.76
2706.46
2698.54
2706.21
2699.06
2705.83
2699.63
2706.29
2698.5
2706.42
2699.12
2706.17
2699.65
2706.22
2698.51
