2692.75
2694.16
2693.12
2695.26
2691.77
2692.18
2689.24
2689.82
2689.72
2690.18
2687.73
2689.62
2686.69
2687.28
2686.46
2687.47
2684.78
2687.87
2685.36
2685.65
2685.11
2686.09
2683.11
2685.44
2683.02
2684.21
2683.66
2684.42
2681.12
2684.54
2681.78
2682.95
2682.28
2682.79
2683.17
2689.23
2682.13
2683.37
2682.5
2683.34
2681.59
2684.26
2681
2682.54
2682.49
2682.92
2681.39
2684.79
2681.17
2683.38
2683.03
2683.47
2681.69
2684.79
2681.05
2682.6
2682.65
2682.87
2680.6
2683.38
2680.66
2682.58
2681.44
2682.45
2681.08
2682.91
2681.23
2681.63
2681.54
2682.45
2680.25
2682.98
2681.61
2682.11
2681.43
2680.99
2679.57
2683.08
2679.51
2680.61
2680.82
2681.78
2680.44
2682.83
2680.76
2682.67
2680.56
2682.55
2680.4
2683.6
2681.02
2682.38
2682.04
2682.54
2681.08
2683.75
2681.75
2683.33
2681.71
2682.74
