2814.74
2813.29
2813.44
2814.77
2813.74
2813.26
2815.05
2814.33
2813.23
2815.17
2813.97
2813.2
2814.76
2813.42
2813.17
2815.19
2814.21
2812.72
2814.7
2813.86
2812.8
2814.89
2814.59
2813.05
2815.74
2814.39
2812.94
2815.8
2814.69
2813.11
2815.38
2813.52
2812.3
2814.27
2814.33
2812.29
2815.19
2813.38
2812.44
2815.57
2814.25
2812.75
2814.61
2813.56
2812.8
2814.38
2813.16
2812.28
2813.78
2812.98
2811.84
2813.88
2813.03
2811.88
2814.18
2813.28
2813.1
2814.92
2812.75
2812.84
2814.25
2813.6
2812.49
2814.52
2813.56
2812.25
2814.27
2814.2
2812.81
2813.92
2812.9
2812.42
2813.93
2813.37
2812.92
2814.52
2813.54
2812.38
2814.22
2813.48
2812.53
2814.03
2812.74
2812.58
2814.55
2813.29
2812.59
2814.74
2813.16
2812.6
2814.71
2813.04
2812.78
2814.48
2813.27
2812.97
2814.69
2813.31
2812.73
2813.79
